12875
16164
13681
20210
21607
14481
12073
8203
21907
18917
26080
16395
7271
10026
17930
4066
21284
10864
30471
14529
24645
14866
14420
25727
19798
25658
7939
21820
4105
21415
18280
8260
27015
430
20246
4149
20484
18815
11018
29285
5782
16554
11813
21374
18247
30946
21472
28523
25449
3840
9019
22648
32297
11083
15862
6580
25959
22262
28676
22682
19653
19178
21309
14833
12030
7110
23379
3569
22906
26404
24071
1959
22047
26143
27548
923
10089
2322
2956
8623
2749
161
12667
13898
13562
22526
32361
22198
15698
1125
8747
1223
10840
3561
28956
15806
21849
13683
528
28780
6128
15368
26761
7835
30677
12106
24366
11689
17654
24386
30328
10870
24009
24924
7087
1153
3552
17587
3093
1101
15038
23439
2145
266
21225
15916
23662
6513
13120
27326
3893
29680
30351
9905
20217
18951
25441
1333
28097
17138
27669
14074
523
24968
30004
1848
32703
2403
22018
10739
23906
24385
18259
16253
6540
2218
13472
12604
13468
3795
9050
19373
29354
26819
9342
14761
31165
28852
1130
17640
8254
18620
11503
32707
32685
29356
28071
15422
8083
7993
7817
29765
19640
30809
20666
1846
28821
27376
422
28832
32012
13228
1104
23627
16471
13101
5350
15224
13631
19818
19097
16233
9102
22608
23468
23844
9414
23980
26570
15989
24851
13386
15516
17458
6271
13406
18587
32194
19557
2852
12323
14816
7464
29124
14537
5277
12324
19320
32495
9892
12773
28400
10646
14786
18583
7926
4211
9894
2750
30286
2116
16357
20008
19168
18788
28225
25375
19481
9373
25130
4067
24718
31294
32389
24663
1762
10094
24749
7674
15850
24000
10679
1049
14352
6408
27899
1091
24053
10092
26575
12030
25691
30654
26262
5304
31041
8713
31482
13056
19535
24169
26485
16886
30325
24096
25622
30208
1232
15079
8322
2495
10957
28802
10041
9282
24464
5271
1562
28537
27287
16576
24618
29420
9114
25311
19601
1708
27062
26546
9957
29322
5579
29607
13483
3464
27683
7665
17435
29069
20820
25051
10276
5981
18023
14940
13744
28359
28729
7148
9769
18209
11810
16535
828
7153
981
31312
32733
6637
23175
32647
25227
28710
23892
26110
25813
16768
29918
16344
11293
19045
9783
3827
16284
3770
22785
631
8102
9234
18643
12975
25135
27682
9695
20248
30863
21366
10450
29368
642
26722
7676
4785
21107
24122
11185
15126
1786
20677
22511
3581
23971
23536
4416
14550
8945
23488
16098
21499
25506
26762
7206
24712
17205
25446
25366
22636
7082
9953
2650
1216
19081
12274
6749
3672
20261
21296
23979
31896
7714
21057
28830
5769
20021
26006
29753
23084
555
3669
26708
32271
13357
17559
28921
12573
17986
21972
2831
3258
31765
1947
29749
27920
16889
21127
18929
9123
25898
18798
9226
14380
8533
219
11826
11172
10075
2751
1256
29087
339
23139
22941
5083
30670
9377
8726
13337
23646
4180
22289
24619
23897
19213
1579
27727
18138
22024
15105
18363
21769
8030
918
32633
31644
15227
5109
25461
18078
21203
19735
469
14447
6097
11014
27784
18701
22800
24131
32034
27281
974
5221
2791
14077
10910
13316
18213
11060
25692
4053
13256
4938
5990
21782
26664
3070
1289
14637
6181
15749
10554
10892
4470
13194
17031
2263
9022
30322
5709
10313
9184
18916
17706
9300
2325
13449
17333
17799
17980
13584
19309
32437
25841
18550
22512
17748
3040
9604
1134
18723
26587
20889
23900
20240
11051
29353
31341
13144
5924
646
29886
22256
17405
18270
3408
31780
6878
13701
6076
22142
13881
7797
32034
20969
7262
20756
27491
21782
2122
3893
1168
799
13504
31840
8866
16490
23964
27094
875
32465
27491
9168
28876
5375
32030
9224
14633
9501
17513
19834
3098
22191
26567
5484
3939
26552
24376
15788
16423
22821
32526
1049
29784
14952
9468
27492
4210
22628
15216
280
17769
21385
1826
17624
27359
24896
29421
5352
18843
15497
19935
17392
27191
2530
12172
15356
15384
12908
30375
21190
10404
31305
5587
13112
26286
22088
8886
45
8757
17604
23375
5240
19535
11721
5514
1063
10080
3705
19730
17161
25487
29614
17255
5229
24443
2017
26160
10285
24873
14411
28626
2283
23362
13641
30273
16283
4731
20997
23575
20545
14164
1875
22499
29692
18437
7641
1475
13380
20149
17267
14133
19312
20462
4054
29994
28283
32078
15475
26716
25607
127
5022
7138
3234
29289
23279
19969
16457
21157
15592
17222
9514
4917
30169
20433
25518
3187
18433
2804
23479
27976
31478
24829
16167
31646
27207
30543
13729
14616
26463
5816
28051
16384
29356
4094
15988
27777
4097
20155
16458
9750
14905
3691
31856
23874
14878
26052
7062
4482
25737
7238
13577
29568
970
32274
9013
30601
28745
8703
360
27713
7278
21995
14040
27029
6079
9551
13032
11250
19784
11798
16039
12212
320
14256
1945
8418
20969
16482
18363
29464
16312
29920
11969
13764
182
17949
28834
30869
8998
4450
7510
21553
17256
3742
9694
27431
22813
30973
12934
30500
24460
9659
11879
13929
23877
32059
11311
19836
3843
2643
2085
28958
14807
5098
27495
27774
26755
29894
5238
22444
6180
9631
2293
4688
6165
11640
5294
22172
8463
27695
14806
30847
26517
29522
30354
9500
11663
24884
954
13946
5941
29248
28892
28541
18222
15502
16772
13333
1529
18868
28602
4533
30861
735
30669
11271
10812
8994
20815
25054
28125
9229
31073
15980
23082
22658
29233
2741
25959
10692
23488
4931
25669
10961
2537
30235
28677
30194
15263
3313
30688
2192
22390
18328
423
4425
20836
2748
23975
25667
7625
26323
20943
2496
21934
15185
21
6899
28746
6683
3093
24851
13771
32575
17403
27309
20307
12514
20644
2878
6208
23418
12544
30977
5296
15933
1211
32006
12612
31704
27164
27012
12325
25445
29485
19056
26437
17815
30236
1102
13288
10808
15585
21832
18274
31190
22561
27773
12578
28601
6482
2971
18927
26648
30753
26288
25714
24204
26384
13885
26357
12484
23396
12173
12906
31099
3134
22340
31407
6055
11528
25147
29712
13811
10002
6283
31246
26224
5757
28392
4958
9863
3673
18993
30517
24371
26634
8516
30659
13677
8688
28951
30205
16103
4423
14085
17056
28412
27467
25957
4211
20455
27040
1633
23500
23604
3570
262
27477
3189
18649
13463
19984
27958
2047
24103
31385
20787
28548
31846
29612
29640
17057
9660
5606
8104
16268
1172
29392
11730
29340
28155
23833
28865
17582
18025
2595
24547
18631
10462
27842
5965
3323
1073
11584
32685
29325
8869
25252
12928
20823
20414
28979
28293
27244
4179
12856
12401
28157
8419
18689
17380
6265
11821
18730
24732
11000
31738
4638
10217
17114
28222
986
5728
21675
10335
28916
15828
20042
14037
29148
23426
9291
30451
32099
7820
20121
12548
27257
12969
30816
6298
16187
25370
26410
10019
28973
27104
23880
1213
31427
16172
31603
29516
27175
32023
26035
28617
19766
11155
12160
32221
7883
2209
21287
20910
6465
8389
14448
19449
4659
19383
3710
31841
17286
24924
31990
7686
9642
15092
28772
16986
16156
21653
1498
7728
3376
8920
23002
11542
27149
28882
15989
7909
5113
23110
7349
17302
14807
13848
1337
26967
12525
1285
13343
24798
14315
14482
3111
7166
27433
26178
19732
6776
20017
15116
2390
6419
3709
17164
7911
14063
25474
22905
14195
1302
12269
21719
5051
13396
18476
17262
9787
21833
560
19450
16650
24252
29297
1700
23299
28210
31283
25137
12322
30399
2824
27002
16688
21021
17303
32028
30371
26619
18843
21872
27328
24471
1327
24766
7938
3983
8520
20909
8383
8181
30083
29182
24841
4769
15649
3450
17363
9675
16207
2345
10836
17625
19627
31429
31921
31605
13829
21614
30422
7907
8290
30879
15524
8593
23111
19041
31058
17648
5684
3519
3597
7555
11886
11385
5090
7478
22017
13053
13534
6128
23302
6546
8308
30315
24098
11735
7966
2884
9039
12396
2375
15950
24543
31471
9577
556
10686
16938
12659
18463
27639
18570
7021
26140
1145
5331
11614
8994
28444
275
12398
24010
8671
13781
19272
288
32371
26006
8130
15281
31998
23677
27584
11493
29721
14406
12629
31887
8730
23680
10796
4291
23449
30456
2599
21992
813
10357
21829
19725
11895
9637
19657
21633
7266
25688
14233
24221
24744
10476
2532
2789
26777
2056
12295
21840
15640
12430
178
20451
9702
4554
6726
6788
4643
12784
12162
3342
27153
18629
1887
18337
11804
29340
13368
7484
1815
3972
17966
3213
11209
8896
31947
15111
16296
18039
15334
9782
3812
1965
18374
32591
19367
15986
3210
25868
12444
13913
29895
28598
11438
15148
4980
17283
31762
24030
9475
7459
21127
1473
11217
3222
31452
8697
11200
21056
4019
3889
18722
4671
12678
1421
20186
20988
24039
8927
24509
29696
19468
25885
22335
9738
29322
10515
7499
30046
6753
341
29042
32095
9017
31096
29000
25696
23787
6529
24075
6840
6723
15774
25990
4116
24837
5652
29237
21266
23341
25465
18090
20235
28027
17187
26671
7215
5935
8160
7341
5592
32530
6887
32717
11032
20917
271
29532
7572
21757
8255
28404
8854
21727
4390
29401
6749
19817
18732
8737
20920
30210
2216
18456
467
4594
31059
19682
592
10789
4349
23906
24985
5163
3198
19035
22389
27268
5872
25301
17882
23067
28955
19907
15363
26896
11569
9954
12225
6842
21180
25316
24854
5357
32468
16078
7168
10872
21653
16031
19603
28402
20944
32562
6474
14263
23553
24421
30623
11821
6529
17531
28377
22348
27389
32191
32038
13405
6439
2922
21225
24833
2731
19655
22613
21110
5733
22933
12603
7190
17873
2733
13088
23840
7107
30181
403
15291
13144
24883
17598
4408
19244
28950
11834
11160
4301
5681
16424
18510
16496
32313
2685
11334
27875
3090
21149
32037
963
6965
22828
16339
25071
4693
12832
8247
3132
2370
25371
26177
24683
1549
15353
15406
21080
5485
7588
10759
2419
16993
9008
27243
29300
12567
24868
31887
6475
24845
12053
6019
24406
23158
12154
25271
25047
19167
2491
6077
9381
21778
2699
29008
21794
6203
7800
2966
14700
12873
23232
6562
8152
16791
2151
5181
25244
10700
25990
17894
21451
8192
4326
22551
9607
16928
21453
17866
8818
15763
15896
22332
19045
18717
18570
2801
10085
30212
29028
4088
28370
7282
1846
13680
17122
26395
5620
29515
10318
16927
10828
28754
1099
12594
24375
10601
14012
20730
27087
7701
9382
1976
5984
9787
18148
10539
29121
21803
4380
4530
32229
3548
17649
31920
18605
11385
1402
6708
13824
26909
16115
10202
17950
22492
14003
4332
17713
10754
22366
22989
6438
5279
3420
23192
8634
67
18314
3332
24280
26118
28719
29067
20770
32203
29233
20427
18638
8646
7817
22060
5811
2876
1524
23747
21411
19594
6891
20342
12796
11369
12246
865
3450
18032
9597
31609
11599
5339
23999
24687
27766
18314
18054
12248
15428
3149
4346
26250
13632
11358
26869
10825
10804
9007
16567
13987
29060
4710
1244
4376
22719
14118
19595
18558
30324
17553
23023
17316
20039
18315
32491
25398
31555
30656
14857
31456
21618
6632
8116
26038
16299
22346
25512
14804
9900
11902
5798
24385
17001
24952
27756
3610
12451
1218
7652
30700
1979
5129
15260
8289
23753
12251
1142
10527
28649
26799
5281
5357
29397
15142
199
17943
7609
8592
12680
15380
1602
24242
4904
21607
27896
26055
28036
4803
29903
964
30795
13426
30968
11744
32618
4856
29949
6484
11208
6643
13069
95
17460
21573
13461
14478
31388
21621
2320
32314
6527
31827
1823
6482
9636
26587
7132
16219
18445
32604
9323
22196
5159
29914
1491
32543
32323
12464
30476
893
5705
29049
12634
6361
23211
9009
31449
3752
14233
12696
16216
21583
1652
22999
11114
30694
8580
16230
32187
572
24557
18477
673
21531
3551
1002
28147
26829
13582
8914
1822
8670
18786
16251
23413
36
3567
32761
27337
28157
17959
21064
570
32472
1870
18410
14668
18423
15919
21712
17726
13939
15630
30078
5783
1664
26077
107
29953
16370
17587
9894
3418
23552
11897
26559
9737
30792
14311
31973
28046
15124
6319
32588
5981
19676
20215
19922
15085
2828
5901
30177
10508
22534
2902
9111
11125
11371
136
23844
25252
19863
29209
3444
13801
19818
4856
8719
2492
14158
22138
16445
12368
3701
1431
21869
18539
355
13398
1751
32372
30381
11142
17505
25550
22272
6831
703
20580
14436
9800
24799
645
20162
9770
15492
28915
17828
10309
31281
822
26429
2962
1096
9270
13481
18248
17779
25353
21366
12883
8771
5642
29794
24322
13847
13355
5990
24320
22336
22668
20724
901
9826
9292
29822
28109
11549
29343
18487
970
20461
4896
9757
7446
5967
32361
11831
31787
5158
14561
28187
26582
25436
22486
8628
30953
5324
23756
28994
28721
31072
23316
20642
10407
7286
7072
25552
31210
27785
13077
3242
7917
22285
15906
1527
29933
23450
14353
12199
9895
23117
8091
28764
6087
8556
24065
20522
9379
32328
9304
12443
2601
21864
13092
17911
2582
1507
16425
13762
8042
7182
28286
32389
22296
5975
3299
3282
8449
18289
3668
8578
11555
1202
28895
27969
10510
18361
1714
1357
29080
25683
21880
5498
3282
27552
32742
29562
59
31089
28048
30555
22323
28917
9474
15697
28082
27797
3084
13494
21305
25884
605
8271
23049
21531
2643
27601
9876
21900
29714
31395
21297
3253
16084
21478
31763
20559
9344
20403
18300
25064
893
10659
15918
13446
6856
7317
2083
1677
19524
27563
24957
21218
22866
31894
23488
23889
19874
26388
16191
24108
3145
7606
8404
4405
13075
5095
32724
11198
18458
1322
66
32271
26007
16803
5443
17416
22521
9177
12242
26888
25140
5050
17845
17165
7260
15072
17584
2332
8306
19986
17912
2275
31102
4110
5610
24477
2269
29061
25597
14902
21981
29288
12022
24751
31623
10338
16731
4293
10428
3750
21033
27597
26244
746
7625
31715
6306
5043
2881
5187
27756
980
12712
4343
10713
10033
20956
14771
6876
31945
6263
19453
31984
10740
15358
28816
12532
15080
19292
8195
7482
19586
16527
15014
30171
836
11170
22445
24397
29594
2523
3984
7991
24417
7477
17841
20355
27817
22544
13632
18357
14778
12584
17755
12412
29270
29636
26746
30087
19006
24624
2827
2458
248
12396
21849
12513
21198
21798
17586
17796
31514
32486
24521
10875
11201
18313
2649
24740
7678
4080
15371
29203
8289
26105
7834
10153
17943
1710
22325
15592
7019
20669
32549
1541
909
15145
4015
15423
9106
9278
17724
25712
32445
3274
15799
994
10237
5002
22071
5987
11446
17635
3038
156
7364
4818
25601
23966
21438
2342
8072
32446
26487
4589
15768
28323
24523
24108
4464
16541
7064
18131
28561
6456
1802
14831
13858
9490
1820
2082
13458
29161
15963
9808
13951
24056
3821
14236
13783
4484
32211
29587
30781
14002
23403
15526
7086
25499
21817
31454
22116
27298
21734
3787
28154
1286
20617
28862
10706
2995
28710
20536
17588
12894
11380
18337
8631
30928
19172
30781
18533
18050
23262
8797
27674
25707
6222
3538
685
18710
22367
22183
11858
27383
23942
29200
32447
3327
19395
32669
19854
14702
32292
15027
14819
24297
1162
8253
1870
17356
6319
7327
25587
17345
13672
21995
23016
2962
13096
26200
28638
18235
3526
6896
15620
30276
14208
2696
29736
23117
7487
6389
10783
13291
16413
14973
23400
16818
2084
2956
29964
13715
13400
4264
25800
5225
3064
12967
29806
13262
13570
19232
29833
18995
21493
21791
31296
17712
22746
5661
13437
23064
7557
21295
7246
1233
14617
26237
1163
26850
11466
18678
19641
18638
19943
25666
15150
1953
4375
16632
17014
26824
6883
25874
13814
549
14708
30366
12751
5219
11166
30390
14853
15751
22814
10417
21729
14792
24608
31131
9363
9889
7173
31715
17436
31780
2402
19284
27499
12433
11084
27974
7878
14887
21971
278
28012
25402
460
21715
889
9350
3540
12858
4873
31171
4241
30693
22688
25722
8251
21183
16074
4374
13147
11195
25854
21054
32467
7622
3528
26210
29983
2042
14376
15252
19162
4116
26677
9626
9348
10536
25349
14913
20866
29331
25041
18420
14438
818
85
6796
22641
29905
27254
618
1110
17382
3367
20931
14913
22400
20109
17468
15640
17786
4449
1207
21249
9972
1943
17772
19748
4355
6205
7739
15538
1448
23717
9536
31014
28927
30918
30121
23499
1721
21216
6340
21630
5068
28255
1372
15285
6249
28162
10566
1472
15919
316
12599
15183
32414
16603
729
23349
3534
16103
7453
2411
23905
19917
21202
12120
19382
17084
4983
29007
21343
14160
13901
7514
20182
3694
31665
30518
9323
16495
14505
1438
28289
12928
24765
17613
29690
7496
25096
25150
1264
18124
1934
26038
4006
5008
21968
27524
446
13055
5534
21511
18860
27405
301
3186
3178
18203
18281
21708
25453
11803
22924
10043
14041
9204
14064
9345
2033
14888
11041
10695
16337
29620
12855
29594
22111
8248
30563
29235
25983
29271
8647
13051
31878
21857
25483
846
18418
17967
32557
12415
24920
13135
14104
2333
23453
10338
23417
885
24425
18625
27214
11608
27609
23911
30143
18719
3956
31243
17586
15339
11617
32140
24986
12594
8919
29074
2959
6007
24788
3443
15780
23128
19986
24659
16501
32206
1335
26256
31231
32433
17227
3677
28597
7290
6768
28588
11984
28749
15565
15186
3814
30007
29644
9573
702
26036
6021
20201
27491
4724
6778
29356
8567
5726
32132
22895
10442
3030
16397
22854
16939
10043
8320
25666
20350
23220
16638
27212
15887
26413
1107
4692
27430
32412
14120
3756
14044
23433
22905
4270
14636
29133
7242
8101
19789
7322
26518
22251
26431
28091
31881
20302
26533
541
2031
14264
25042
32655
14571
24848
2086
8134
12268
16731
12955
27812
23005
12839
13211
4538
2972
28201
28437
26379
29102
4645
26575
6418
10289
9486
14078
4615
3857
27503
8724
2143
11903
2569
17113
22162
16287
15293
30141
32
11649
7853
620
2006
8787
23711
12964
31565
29909
12962
19267
22453
2573
7155
7077
11216
32571
9249
5932
6977
12303
9328
11552
9991
27930
28795
21178
24389
30339
13854
29563
25156
3835
5267
15298
19642
15090
11995
29086
32589
11
15712
20449
23891
14542
25304
6006
26844
20638
18540
19188
24562
31722
17690
18546
16159
16551
5208
13726
19760
25341
24570
29193
5177
2624
8533
965
27609
12835
7589
12850
30911
15400
428
17173
17773
13659
24732
3562
22588
9280
6711
22908
27297
29450
27701
14258
9646
18957
13030
21420
2012
28278
7448
26126
22535
31034
22331
17308
18874
31308
29123
14856
13997
23571
1742
12039
4492
6939
25351
13738
30202
9739
13770
3564
31190
31191
3209
17032
9149
20022
7534
22797
10960
26199
9537
18483
25527
22991
23693
10352
32486
27095
18430
21191
31774
14004
26638
25057
30519
26998
3040
18782
12830
9701
19308
30573
26
22713
27869
13466
30291
13833
14647
13800
1428
31750
1085
5408
24912
19945
27538
9064
22499
15146
4382
18967
27
18163
21683
28104
24567
980
20721
1966
28846
6072
8039
26919
9203
15384
10234
23955
20088
3694
32651
7782
7089
17645
6612
19836
28378
7023
21139
27053
21819
3247
4587
29090
28075
11192
4103
10470
26963
12701
31744
13120
2484
4971
2561
31297
16364
13404
11433
4377
20788
2125
32176
2735
9390
14962
6606
30192
7774
11337
29656
29798
11125
24780
25389
7949
25558
10219
29008
11619
25811
7737
10966
4799
18743
21734
30595
1507
25226
13805
15792
9940
6032
30862
21743
14058
3091
14847
3058
5923
30178
3679
17833
188
17178
7659
29099
11267
30116
8820
25559
22887
22527
22801
20283
28881
28480
15377
26677
11063
20055
6451
29143
31342
11923
22554
14992
9023
29033
1275
19465
15806
28529
29593
21070
4055
14513
3699
32302
30250
10782
9787
26340
20249
31840
21899
12023
7198
12246
19668
28766
19810
31194
6807
13288
27532
5958
17367
30683
5079
10294
16590
2523
31336
30992
12767
14350
26334
23746
24780
7550
24362
31819
25129
3519
29857
16253
27408
25553
26447
13057
12055
14407
5007
3995
23167
17065
24025
18095
31918
27160
4314
14341
30431
18736
25034
29897
17177
10547
3834
13270
10077
14435
19628
23348
10532
32687
29736
17118
21769
23442
10508
5321
11970
31801
26852
28195
23892
12516
14586
9688
26503
654
26224
23643
5272
25040
3211
14499
17711
27651
21842
30324
22672
2981
10328
10719
29205
30717
15318
23564
13020
22530
15356
25911
15293
3194
31881
10233
2943
25951
26778
4553
3403
18054
9407
1218
27488
32643
5972
3751
31241
23239
19215
4388
20172
10251
24533
16214
22501
17906
32210
5262
2035
28393
32456
10322
27120
19794
16807
933
12646
6883
23647
23433
6880
20296
8178
21697
12447
8720
8909
13531
18319
25542
17752
9326
18554
29278
25804
26273
6522
19668
12357
10732
15284
2575
21528
22051
28995
14091
28518
31664
32627
24631
2033
18463
24880
18972
28719
9185
32190
7488
21405
23881
14250
2378
23894
1243
26624
9062
11492
24262
6590
1003
3414
3503
6537
26428
8850
23216
11679
21996
237
16033
2573
6181
25337
4246
21794
30794
29086
32168
20515
6363
21101
11769
30784
24985
28720
15090
13255
18411
12742
23247
24472
30337
4910
25950
20697
6199
21729
5635
7914
19004
13669
12032
18843
31091
26911
25075
3997
12057
17513
8608
2359
4265
19428
16625
23354
5884
7951
827
5687
16565
28953
451
5615
17372
1012
2689
29963
713
22955
23588
26894
18500
4085
25430
6791
3818
6666
23872
19851
22483
19637
849
28258
21617
28843
9275
22145
26555
20251
20031
23992
17035
27782
28331
2989
8005
26065
2721
32137
24762
9113
29977
21489
6220
22470
9769
15672
14162
31075
6021
28627
28606
12973
19010
10509
2045
30057
23007
1020
9758
10619
16517
15539
22071
10677
12430
13241
20484
749
10053
17850
16338
10578
7404
19325
5787
6144
30212
22038
9587
3793
6600
31581
2082
25206
20987
18078
8979
4807
22499
8594
14445
7000
12950
18830
22655
12877
19060
9467
12641
26991
22005
3334
472
25983
933
24472
13179
8138
1388
28041
24596
26109
24851
6417
17993
3131
10756
14463
29052
1389
2129
4397
6383
21977
12536
32435
31276
5111
13158
6747
12964
27519
16441
30421
23702
22215
19786
17452
29490
588
15083
28665
16895
3726
24173
5591
25466
9250
5606
21526
4864
3586
18736
22708
21997
20007
31797
14984
16390
24666
22122
29377
22292
8007
17306
2703
22994
32723
4581
20768
28169
5807
12552
11726
31226
7213
30431
25239
11516
25171
3368
21197
31590
28975
27785
8718
4527
15721
2261
16247
724
11551
4747
12565
13818
24300
29087
13212
22357
26442
23933
604
20552
30747
13900
23408
2766
9858
879
5177
1048
17143
15186
21003
29304
30619
14435
15141
637
8392
32606
13287
28512
5101
15054
31807
31390
18585
4049
16741
1767
6101
12315
30664
23095
1463
19773
4424
19267
18740
20775
25509
24086
1590
32748
21303
5116
28142
26310
5600
29343
14700
15450
8768
1648
12909
5693
7975
25672
15988
6070
26448
28239
8220
32198
30028
24606
25260
11365
19388
26144
9196
8463
11715
17470
12343
28287
15291
20411
9426
9659
18471
16476
3196
20560
30953
7373
10822
24543
2230
17984
26277
14040
15558
26455
4806
11910
25296
19012
30241
15948
27445
23087
23121
10286
29564
21463
2339
20114
21758
27005
28909
5960
3042
24062
25377
32713
2636
23359
8481
18108
19410
1997
11093
20159
15664
8133
1660
7779
19516
5362
27455
8568
13340
31286
5132
3980
22966
15915
7457
7086
19560
30985
10983
20856
16121
20939
19074
17228
3280
16013
16550
28125
8036
9273
15020
29937
18420
6498
5605
7526
24952
20592
12590
10355
20183
27902
31940
29745
10586
18560
15450
1370
13153
27177
12137
24144
25429
13836
5064
18273
6877
6017
13948
27721
24149
10954
1745
29432
8316
10742
24490
28566
30316
8454
31509
22981
18384
11599
17442
26406
20305
19487
31478
28446
32593
31907
24347
15322
7900
14600
21530
27792
13019
2785
13388
19720
1931
16073
17901
18012
28206
31561
1650
19708
769
16124
16412
28660
3949
2544
7630
28018
23681
13904
12572
28802
2464
17472
7844
23581
15223
7433
25761
18274
14130
4470
28605
3875
15856
6014
29223
8355
15476
2850
12518
24990
8989
30361
15213
22922
31256
9643
16751
29
1492
2139
31476
21775
4022
10440
22189
9505
9999
14421
25220
8286
28235
30728
8824
9633
18539
48
18856
26455
31413
11083
2477
19846
5801
10278
27693
14607
16440
30534
27309
3120
9265
22407
14503
7244
13052
26115
29661
28911
29578
30005
12012
29709
652
24415
2596
30602
4579
22568
20119
13311
31832
394
16240
9404
16782
18411
5511
25865
32308
18826
22834
29362
13439
19741
3677
31170
30936
3001
26333
3470
22226
20977
28417
29429
606
15426
26730
24551
10562
4783
18205
21540
30919
1960
1239
28486
11186
24112
16033
26626
13430
15167
20643
2219
22440
9829
25661
21751
19123
32177
9300
15622
10957
24785
3050
416
24618
22394
754
11711
16751
14091
15714
18765
2921
2925
4233
10542
255
1853
12963
129
18277
16173
6315
5923
21139
13479
26224
18805
30198
29620
9451
13664
28005
18461
13008
14486
29270
19920
9059
9242
12626
24708
32653
18690
13222
11936
7471
17020
4444
29529
182
8463
32617
7195
31984
23331
3624
23851
1310
9924
11271
31114
25930
8355
16513
16924
21722
25693
29516
4105
5990
31232
29651
15972
8135
15564
21734
26379
26992
7990
20656
26318
31746
28723
2282
27859
19738
1458
5967
6456
29805
28778
592
28411
26136
7383
27144
7447
10033
1407
370
25328
12450
23162
10202
5105
29751
16945
13969
32372
14325
5990
22245
14818
15278
18549
29776
8219
23762
15321
7920
30232
11400
24049
29239
1999
11261
15364
21476
15190
8956
20612
7986
24396
17600
25743
4175
14453
5894
10939
1039
4772
20326
30483
24546
22750
6882
14429
13828
30908
960
5791
31219
5393
27029
23265
22822
19405
16291
1075
3068
4897
1380
11762
13043
29156
11623
11080
5146
5942
26203
31730
19657
5475
31338
32326
19343
17418
14536
628
9836
3454
7563
8972
8512
11116
11197
1728
30852
5822
11695
28524
17464
11968
20369
14931
1820
23425
18496
13739
15907
12157
1119
28509
1061
19576
1961
24838
7636
4013
30853
7489
497
18728
2523
25128
12736
625
14119
13592
30137
6250
1740
27573
21120
11386
18090
17966
18967
12523
30450
32451
15699
5265
22329
29316
396
20909
18892
18267
32409
25616
324
13132
26875
27268
11354
18684
27737
30567
5116
28016
23085
21657
24480
23320
12476
16025
29656
22028
3659
23274
7974
30101
25744
28092
2322
9967
103
4808
6011
19789
14790
32124
15915
8990
24563
1112
27822
16527
13812
31640
3683
27473
4936
8979
20691
5020
31956
11107
9282
8820
18976
5702
10884
32043
10947
30276
2066
25127
8220
20882
19293
741
16195
11319
24162
32574
20287
32109
13951
9705
6010
5194
13957
7746
29298
12191
30478
24393
30896
19745
26897
6126
22526
29638
1715
27788
10965
32114
1632
11699
25621
9171
17435
27690
8952
21641
21778
3636
841
4235
31094
18963
15825
23238
24713
10699
11539
31239
29433
31784
2617
4634
5996
22274
30285
22580
9564
3776
9132
26254
31269
18203
13240
29523
25692
293
7374
28348
22883
19081
11384
19577
10554
29204
31203
31828
9368
25972
23699
22033
26939
7232
15189
31896
18556
13369
18293
31830
31782
8912
30770
10464
7560
8168
23151
32217
4809
11740
2219
1815
26236
25284
24371
5121
15732
22260
16534
14907
24282
23750
32346
27526
636
26010
14829
8929
22888
14362
20958
27892
1210
23491
12109
20399
28338
23969
1953
21807
14858
21081
26233
15841
15238
14701
5092
7657
12748
9660
10964
27077
12150
20296
29648
13869
27494
29244
22506
12094
27481
7982
32753
2776
15551
24737
29671
31301
12235
22990
20149
24347
18630
17060
23070
18275
23464
25869
9970
29946
1513
32627
30084
29752
31381
12419
605
1488
21663
20528
2866
24567
25463
23035
8212
2761
9694
19570
5351
23528
26362
8695
10005
21862
12709
18115
11140
27621
3595
12331
22725
30716
15732
31009
398
22237
26718
10237
21354
32309
29391
382
28079
1876
27369
3339
25776
30094
17855
11839
1333
15329
24167
30629
27688
17880
27473
6848
18065
1966
24022
6479
19909
22967
24596
7118
21465
8956
25850
4416
29789
5925
32415
31788
15687
2973
28376
4326
25646
10224
9737
2319
23481
30072
9275
20575
23894
4664
28783
28322
15151
2824
6706
21249
3674
8435
31090
25731
5455
32221
8336
31700
22176
7272
13494
10820
23524
26393
8299
29202
6388
21175
21605
21483
21339
30708
2718
21934
7687
28752
16298
26226
15685
31289
22087
17354
1772
10359
6454
17480
4823
8391
3913
11071
20377
11718
21950
27085
20333
10257
29899
28953
24940
31403
25210
31194
19203
18079
10167
25881
13731
27110
23463
6711
9402
28042
26940
1585
2019
7948
21255
8227
15705
22788
26957
5899
6322
16135
9820
3280
16842
28877
9503
643
32765
30867
26097
23012
17817
30911
21935
4136
3986
23747
19217
5625
28024
4419
28218
26815
17831
1914
16013
20766
10686
2010
10947
27327
20306
6130
28474
22868
227
30613
11920
20182
6926
31033
30833
18193
27141
14749
12973
7267
31549
31407
6286
22977
14182
9644
17512
28154
22688
14473
30577
9280
4332
8850
5075
1508
29920
21585
32000
2401
32416
1713
21062
12956
15625
32099
14243
2154
815
18561
8410
851
11274
18801
21190
22934
18028
32525
3823
19564
15670
23808
7515
23185
20428
12915
10407
31745
28358
25578
8278
19199
20713
31848
5480
15964
21589
23002
17710
22774
32767
30898
18014
29311
14690
8915
3171
32128
626
1453
13558
28317
21458
29609
21490
10522
26438
21703
12644
5278
1643
2693
11746
16439
12710
19204
16671
13983
13146
14182
18108
26558
29534
12666
3424
19311
7854
13467
23562
8583
30560
13781
24998
29460
24794
20298
17119
14562
31811
15060
14901
19268
26935
24556
32335
32528
32447
30923
25234
5100
4224
4814
26098
22472
5170
28191
9224
9132
15188
146
23653
5556
21790
8141
1063
11353
3256
5804
5578
9969
22441
10724
4928
20345
10386
20454
28227
4499
14876
8198
19178
715
1583
15580
20602
16414
15717
15850
31871
17597
21182
23680
11292
7694
28565
26589
20384
8436
25554
17559
31833
1104
26210
31549
20653
1224
14820
6714
24166
30151
2469
28412
3918
25540
4815
23126
14332
11208
28125
17443
19693
11306
3154
29229
28119
29341
16043
17997
15161
2926
22162
10195
10807
22022
14676
7207
19109
694
30357
21169
13154
7604
14147
10231
2279
19296
6344
25605
21023
6604
18564
14354
3962
2940
29562
16224
18493
16234
24137
1892
540
23117
14687
25383
22282
5403
1385
3564
7504
5325
7181
24851
21980
28514
12508
8509
21724
550
24194
9905
22668
32052
5184
25855
588
18490
30621
5603
26102
9340
3672
2923
9070
12316
17568
27996
15995
11928
9095
26067
10453
14996
19381
296
12927
17626
2137
17687
21590
1183
3686
17186
2283
15624
15355
10801
10126
31724
27682
7036
30123
13788
12990
18090
25178
25440
5311
4410
8241
900
4248
19747
4444
10131
2803
17079
14832
27683
29603
4557
11389
849
14042
11807
9443
13390
20124
31473
17766
29723
2163
18932
10756
31632
21349
16745
17925
32419
10787
28041
16341
26855
28035
293
16143
17235
17200
2442
24794
10053
19616
6567
18040
25286
19015
12402
29212
12816
32523
24199
26108
12878
26615
28434
14760
29090
7219
6128
6554
16492
26932
29969
25870
10186
32560
21281
24084
10587
16853
3431
8163
11337
4410
749
20336
15238
7958
26337
14911
31061
9264
28731
22393
27661
2582
11424
24384
2073
23826
31366
27711
6980
6746
28314
23429
32052
11911
10334
24211
10547
14408
23063
29619
9526
25432
2022
14476
23063
28589
16949
19188
16678
14579
24404
11269
2784
21048
30820
22899
8958
2537
11637
4380
13746
27133
29931
29409
6701
2160
31270
29877
18020
15347
20322
23795
12308
2274
30427
14069
16131
23158
1845
30178
13450
23612
28444
14791
11344
1989
7208
27370
6744
15007
2307
8027
27198
26757
30413
32459
9149
15827
21951
6305
14453
17981
8463
24651
24299
27583
12820
17362
7890
25047
20139
4274
29321
20723
30425
6888
8676
22053
13746
23116
14895
11038
31097
29217
18288
2650
14088
22251
13037
9112
23666
1664
27374
13453
22248
1634
14276
6617
12249
7244
25098
27706
1373
29963
3627
32256
25044
11663
28965
19649
14026
29250
17036
15181
32543
10393
4049
10212
19556
22248
21700
12967
17287
15994
32088
18509
19635
23521
13478
17687
31346
16779
9525
17414
27669
150
3705
28235
12117
5093
21401
24319
25914
372
26486
28436
11836
9704
14824
32140
8617
24171
2634
2024
21574
1206
17210
9956
12857
29039
17306
17249
12326
30902
14554
6051
6041
5371
28282
20668
29348
13330
14026
25672
23241
23177
20725
28251
12057
4409
28733
11192
30110
20763
18568
25668
27639
24925
17436
22970
2882
23477
18087
3743
831
19190
8578
31097
28849
6113
7478
30780
21256
14397
15424
6149
1342
21546
6929
1290
15871
21938
4441
14033
23308
5793
30853
11425
31713
8342
15238
20023
12182
13147
5077
17593
14851
1394
6068
24560
13351
29424
32182
23473
3019
3727
14721
6556
9826
18686
21971
8970
11060
8827
12227
1856
14523
6820
30538
27113
2381
21130
6401
21955
19196
5384
29996
10136
11963
14675
2040
9584
29378
5073
26369
5637
27699
26927
14359
27767
21501
6062
1346
23617
23296
27325
4611
26988
18803
19661
5597
18690
11651
19297
20
9670
23869
8548
10421
7458
20398
15296
4822
2145
4425
27692
9247
26142
22409
15941
30090
30716
30679
8929
8550
26776
17837
26016
12962
3516
7164
8388
6472
6870
5579
9026
18504
22440
14881
32024
24695
12096
7974
9698
3287
11051
18565
29096
29721
12006
17684
18427
25440
1941
20407
20800
5704
9207
30594
3659
16423
2202
4893
3632
14995
21579
877
13909
32036
26833
2416
20684
17018
3035
13161
21728
32386
5174
9534
7662
2550
30531
16414
1143
10019
19113
28006
3442
17391
3655
4294
9191
7450
21101
26016
4281
9924
3659
19376
9412
24112
15017
18162
18727
26823
1241
14016
27107
9312
11754
2107
28326
3262
27167
26605
13793
6746
21663
13997
17952
32355
19310
17858
10651
24580
18332
7755
10248
32485
1469
22494
21172
24308
4761
17007
5842
24933
4132
26483
18963
28407
18096
9798
25975
6010
22113
28618
25186
19086
7393
25938
28146
3501
9046
24254
26256
21356
10385
7143
22469
22525
7048
9533
26703
9977
6663
8110
28277
11868
18338
6090
7831
722
4334
2085
2057
14641
12017
7933
21538
31046
32470
1821
31631
11732
485
14337
26093
30170
6579
4411
10136
15125
21654
17686
20925
4550
24156
22136
2231
17845
26941
11789
21656
14454
8973
2721
24581
29931
2743
20686
6472
7178
14822
32216
27040
3808
30469
16853
30427
31190
9066
1297
8999
9524
22990
23728
16166
12003
20737
12949
8768
4471
22235
9347
7485
7277
30582
24194
31507
16816
9370
29829
1020
23650
29049
32585
14028
21722
13981
128
11394
17897
12830
21039
23069
1890
30744
9557
9393
16857
18268
21453
31673
28586
5734
2421
28079
28478
27792
2192
27354
2697
23429
3433
10856
6103
11511
5434
26044
6089
6293
3147
24073
29850
5687
10078
24608
18087
8284
27723
14982
16943
31447
11752
22986
12887
20933
32555
32533
9585
17602
24979
17667
11901
12893
12995
26289
24560
22473
7537
32024
25525
6357
4478
9881
21618
1053
1894
19672
15372
26498
4827
31950
23405
2265
2221
1306
8069
22240
15341
20120
26510
9846
5714
9013
149
20491
4059
22274
31286
16725
18870
1927
14503
22340
20577
25945
26616
5177
18703
15343
13464
1651
3661
11185
27932
29385
32741
19026
28988
6047
2563
7520
4638
7187
10134
8985
18392
32631
25593
23937
24624
7428
8147
5041
2725
6092
7484
15730
26036
17137
5921
19722
29012
23061
26601
19286
2755
7697
856
31257
21892
10730
18356
28820
13737
5121
27175
26199
16206
12169
613
8278
16230
574
31118
13375
16826
16980
24662
5643
14382
28846
28771
9172
10054
25425
15607
9190
31722
21528
22222
26904
28262
18345
26442
4445
5813
24743
1741
4758
5631
29482
21094
2474
31072
27756
1201
32729
14827
25285
5624
6733
32239
25049
10142
26610
32632
18192
16062
16776
15385
16966
4623
28663
20969
20164
28427
3298
11724
14447
31312
20862
28404
320
20294
18341
9127
15092
17154
4390
17218
10501
20074
14688
2430
16088
25498
17679
5874
20024
12935
29797
31449
31235
8418
27485
2582
16675
31040
13388
10101
13760
5495
20664
24884
13492
2123
19566
1986
12608
2634
1743
8646
26877
11764
9835
24931
5141
7967
27345
32442
26034
29082
20644
7089
28855
17169
15346
5363
17583
13360
7362
25657
22274
32011
16876
30663
3183
8382
20014
9017
30390
1104
891
3455
6805
27870
22678
16423
20982
10485
3296
15322
7783
26943
11887
13866
32714
3170
18015
25739
9038
25125
8045
30878
32414
10709
23233
12726
11096
20455
18188
10133
5824
11998
11731
12918
22966
22383
2827
5201
19685
9187
25317
18266
11582
6846
10731
5578
25765
25758
29516
24291
19177
22885
22900
11566
29434
26778
21728
520
22614
24845
30001
31324
197
23482
12415
12466
26182
19952
15599
105
15689
1715
10376
3648
27422
7006
9026
14876
16558
1933
12128
24069
19817
1081
11264
32369
24191
23077
28145
20421
32339
13177
23236
13593
2093
12461
14886
7227
9262
17577
12653
23287
16266
7211
7536
29078
21745
5224
16028
22181
6478
1270
27460
12280
24756
24809
15417
7406
20373
29501
26523
30197
11318
14964
15854
9553
25695
10111
32112
32026
6999
17378
28586
11908
21520
788
1350
18020
2974
17188
25632
21231
22509
16546
7072
5828
24244
445
29510
27949
14501
31913
1926
17313
5351
32068
10455
19598
12485
3576
12551
20310
30632
26595
17105
14743
24386
11829
10161
21936
21517
30938
16375
19073
18932
29274
14619
18546
17743
3325
32336
1974
28693
4914
5979
31697
3917
5937
27046
24663
27846
1504
3984
759
2312
24819
14856
28345
10634
25688
20570
23684
5926
6866
16968
3299
8393
9700
16477
28424
13935
15600
20094
14610
12367
10144
25794
21899
5714
14213
4740
18997
31690
1278
22454
31750
17249
29532
10359
29809
24399
16451
20200
3047
25041
8787
7996
7582
29142
15112
12815
10385
30715
24543
6393
456
6073
32443
16738
31705
18653
8582
31128
10159
9529
21787
19486
4746
16026
30564
9544
9543
4346
12479
30468
2274
25846
7335
20219
13369
13954
26000
4825
1810
29659
22546
22248
5728
10429
12618
740
3522
27095
11390
14603
19021
5244
5119
13171
4747
13979
22868
2976
4035
13041
30868
8278
27771
30077
11028
3500
15420
19508
11586
27490
4245
14327
7121
17780
24418
18882
11287
751
7759
24614
17331
12036
14231
22777
13170
22619
15378
2892
6516
31402
30318
7581
11914
9861
17340
3150
739
23416
21807
29782
28136
18515
16161
30263
13668
26053
31063
17712
12264
7980
13446
14003
26222
32172
10518
26137
31036
2430
17189
16533
19467
21899
20431
3430
15721
26938
4013
18001
27996
31878
21147
21583
22344
14931
191
1155
17170
32002
13511
18798
20870
14659
19313
7270
10230
2858
3153
4932
32548
6534
20431
32350
6499
17262
18031
8885
25592
19484
17749
25711
18374
30975
15368
30087
27947
22027
14198
23747
30501
5204
5688
26854
31161
14043
21016
25639
12181
423
720
7139
13044
24344
32277
4239
15810
12153
14548
25072
13568
14036
19900
19342
875
7434
19708
17766
1880
13346
14670
7391
6115
30946
22068
6655
25928
412
11137
1247
14481
20299
25116
8028
22130
13535
24065
26384
2417
18644
14728
13185
5961
5385
1514
1175
9617
30928
29953
5460
20889
28993
20559
1727
32661
15317
24898
14113
9469
1840
11958
6516
4659
9789
13244
8473
32615
31104
29594
5577
24760
680
3859
25550
17819
22116
16104
15475
18305
24696
22430
6841
19380
11792
14978
75
7298
12884
22507
32436
7582
14652
9919
24784
8131
31910
13624
2176
6042
4006
14056
21666
15326
5149
13307
9025
20158
28301
15805
17416
5763
27691
19548
28413
18802
3894
10734
4972
28916
30088
3765
4896
2036
3435
21154
15833
22665
3245
22553
8443
23765
24055
5108
32644
10029
30810
22218
1600
5497
21803
15217
4160
21470
30737
24257
3976
29339
15708
17563
28168
4913
25240
3626
31438
28871
32098
25961
14201
18380
21627
16870
6641
24798
20251
27333
5717
17131
28296
23047
1333
20630
1510
25869
14850
21724
9297
20055
24002
17143
25897
9362
25096
11650
6829
4818
8228
14559
1740
1564
30871
3286
5687
19495
1738
2430
20923
3939
15615
17249
31182
21563
31879
2779
104
23447
32309
707
21780
3750
7956
2637
14150
22490
25941
32303
751
3380
20875
5379
11087
20417
20507
23277
22538
1125
24301
4221
22655
18903
15208
28887
24917
4077
11422
8977
18518
13338
15811
23260
12929
18229
31972
27751
26714
24699
4565
22400
17541
8664
16748
3581
28819
20834
12524
31066
25628
11302
32196
931
23054
22056
32122
10132
12356
2981
14818
19456
25947
30619
32147
28271
10433
21388
1179
24843
12558
13438
9586
8125
19608
10566
1581
147
24641
3590
12788
17253
18580
14581
8886
17592
20753
25694
4891
22498
13764
31212
11451
3183
25373
8996
26253
25284
26619
17203
10146
13314
19978
15850
531
20781
19535
12295
6712
7566
2049
31926
3610
10325
22427
21591
28971
2435
15407
6274
12341
1543
1277
16712
29073
16167
20804
10172
17817
28962
25688
22963
15199
1300
32757
23239
11680
31257
14547
30370
23539
27061
31098
2169
9286
11124
10072
23510
28811
23501
7697
2715
11439
19020
29974
31812
22732
4849
17273
27244
2975
26323
22016
3730
31036
18440
2936
23838
20992
15561
19275
29087
3528
15826
19029
4183
30560
25608
4596
24825
3135
6494
32094
18097
1137
20729
8504
31077
5844
2707
20836
17467
19847
9501
14618
3419
32416
17576
14650
2806
15645
20357
224
18823
22046
18091
5177
26456
11857
32090
13718
10568
5037
29694
25791
19661
22371
23126
26762
15157
17425
31957
5804
561
17465
8521
19918
13715
19699
5818
21988
7767
24798
31893
6842
23264
16220
1290
29903
21637
5119
14002
29799
11852
14910
29045
25308
4341
26989
15019
28213
30779
23788
5249
13049
25942
19614
25758
6214
6852
18844
11783
12829
17737
21291
8768
7680
13877
14316
19893
3519
4837
5971
25432
29839
7564
5978
27530
2652
31540
8823
23103
6496
6911
16843
20573
18933
8883
26524
3174
24743
1141
15877
20055
8846
8661
19948
13008
21467
8203
4661
18804
1200
20864
19253
27283
8245
22673
9834
4103
29160
26511
3689
13659
5428
16906
14103
819
838
25423
14876
18919
13084
28207
22421
3954
32734
18946
12041
13451
18802
4332
1183
29969
843
13151
26254
18348
9601
29921
18132
24754
13351
9744
23851
23623
20697
16355
25913
21449
2708
17458
3335
25195
24522
1913
10164
23839
9910
18393
30827
16826
20462
13663
10642
8530
14135
20361
17476
2539
30364
15366
15362
13139
28610
31422
25253
29515
32630
6930
22679
15591
3976
22117
19779
12088
31452
13275
9162
30504
30654
6496
20472
2212
31862
28141
32630
29441
21020
12550
25409
21656
18862
11144
11610
12724
18272
7585
5824
12975
6195
3616
411
3415
17865
7919
3002
7574
23672
2781
9535
29011
22429
12449
32665
19347
10291
20252
26803
25316
2468
22239
26219
24315
6366
29933
9798
22940
25002
15042
5474
26298
22073
1940
13484
26592
25856
5848
32082
11983
8391
22536
27004
13161
12028
29604
30007
24781
28748
8567
11185
15812
6005
13339
5292
29788
8789
32191
5677
31954
26951
29224
7796
28597
14512
10742
10801
17225
10453
11049
31477
30762
10224
6883
4583
31025
27266
15471
17080
12955
13802
24963
29401
9320
14647
12226
22763
29698
26683
24453
20599
16671
3296
22491
5599
16872
704
19407
32404
27227
20719
15593
394
8942
5659
1783
9193
21109
31448
22796
7686
16197
7733
16330
19601
2970
12435
9437
16912
20790
12471
26568
3211
8267
32541
29668
905
26011
15247
30629
12860
31710
8439
8480
12793
27748
21362
970
2283
8955
21669
2947
24839
6419
4692
8403
11074
15392
17200
25203
770
4928
1521
6159
26067
26654
30373
16970
4956
30486
11848
27651
10641
27290
24724
8406
20778
9684
3098
11494
3667
8844
28818
2522
2469
26189
16240
7462
25941
21187
15032
11148
29355
21864
13842
9698
23478
14944
11809
13077
5439
9888
27153
7022
11515
32086
23407
30996
18436
13445
12350
20947
25994
23792
19271
32283
14790
24890
5808
332
13616
16459
25808
14128
3058
18166
21314
31433
20892
3288
25656
10830
32025
14467
16914
11376
26850
20188
24880
23265
9073
4545
29700
30231
9209
12783
25963
1614
14164
22563
19773
19916
14653
18816
4898
12392
28095
11057
13224
13389
3821
10575
23443
32764
25300
1285
19829
31120
28078
19954
17790
27462
5209
19150
20372
20796
17159
21841
17318
13433
27702
11600
23614
14126
29667
1834
6998
13883
23290
22882
29037
9205
16146
11661
23258
39
599
30831
26463
4439
12231
15713
24577
17226
28578
245
32535
20170
8219
20189
28322
3750
26196
22281
220
9723
19337
26128
22292
23474
14988
15569
27320
20298
29041
2906
11444
27351
15242
4873
12026
13899
1942
13296
3170
28661
11829
27006
693
3655
31903
31324
29444
3804
22422
24470
15423
14010
2713
9979
9219
10196
5979
21702
16818
28627
6515
2174
8137
29717
4693
26906
1902
24310
12673
7273
10825
29263
27898
19889
7829
25405
32250
1943
24951
8996
5604
25918
21390
14835
24442
24243
25547
5545
8272
13449
23683
29464
3712
16064
1730
17384
11936
8940
6115
13792
19953
13714
7517
16225
27865
2774
23264
21811
11668
31315
20129
11653
6950
6731
20466
13358
23700
30208
31765
5177
10323
865
25938
31393
3073
7145
14407
30297
23635
31941
19328
6543
24911
4661
19783
16434
4795
4660
957
8114
30933
10843
21290
1031
1348
17667
32402
24052
30799
10666
22153
1677
9805
31896
19015
23543
12636
25025
3839
7023
2902
18158
20845
7309
21505
6424
9647
20938
26502
26900
10581
12865
12581
17270
3003
28850
5670
16303
28823
9164
3347
2680
24782
17324
13604
28532
15756
8353
507
9744
27027
14130
20369
26031
7379
1378
29297
1284
5691
17714
6180
10430
8144
12392
3052
17771
6396
12687
13237
30870
31528
9791
22856
32051
3213
5790
5058
16190
13638
1575
25924
21150
10922
16810
24813
20815
25818
20116
27909
25792
4758
24433
30075
32378
32597
29103
8850
1027
8084
30885
26583
29186
14190
14804
32598
15011
20333
15980
9485
25405
27552
32274
9889
9523
14573
9952
6992
5656
9385
9901
22567
6934
4710
22927
29813
11152
9228
415
29311
9990
18476
27644
24693
16953
656
26387
1445
20368
8983
28189
28655
26299
24256
11752
30073
12182
32516
18139
32420
21584
7017
28725
11326
24268
4436
24725
11769
1351
11806
8127
23835
10812
16235
9629
28536
4996
32183
27268
22173
7362
1330
19641
8015
26878
20686
28468
25908
22416
27542
30115
11983
16448
19521
16818
17842
15019
3847
5514
24302
29929
435
16279
10191
23916
13818
13199
2758
9259
3595
13488
16551
22272
30567
30025
532
7503
18419
20347
27961
22249
29003
31553
29627
8752
32346
26030
25834
3451
3880
3446
26686
30652
18162
2224
31745
25696
24704
6106
19529
18038
23731
27166
30249
1812
32606
30419
2856
19190
3670
4167
26866
15209
1741
5052
14670
22119
15579
23216
11856
2564
6494
20834
20176
7945
27140
22161
26395
14046
30630
18567
29159
24749
22232
25430
3469
2500
9918
21602
20850
19771
12833
10015
6086
26327
9921
28444
3954
19759
22253
21313
10827
14093
14674
24149
15244
4119
6929
14530
23171
8367
14356
12189
23946
27927
11681
11489
313
4057
31535
1275
4058
4966
1401
15756
7453
3837
20434
12650
10766
2766
24504
13800
17731
28512
32427
9559
31578
1072
20032
29388
11171
16795
25201
11044
5401
31229
22071
1862
12183
7707
3675
29608
9544
8382
7816
12565
96
15777
1190
29357
24841
10125
11875
7469
20384
25027
32018
2928
32546
18586
15289
31798
5089
3433
15205
3365
17020
10663
2497
26381
23309
3409
30183
32624
5284
3212
22390
4930
11509
20620
19429
16109
12365
20404
24087
22424
32203
4351
19503
27049
23500
16030
24485
136
12455
19427
2970
7078
13211
12893
17768
29887
10757
2629
19326
31580
1238
536
20075
10651
29253
31110
12344
5682
14273
17291
19963
26546
26666
21468
1961
3337
19008
23428
31276
24395
860
6351
8117
4274
23134
24167
19028
3299
9958
5565
11462
11890
16583
16554
25998
28073
952
15959
16455
27781
15181
22362
8504
1026
2854
21793
20265
13976
10087
10388
3957
11270
29031
25590
18529
6734
19629
3084
7596
16385
16408
1154
15207
21436
14173
7050
17159
3315
30903
30918
3769
10733
8921
29544
16117
5904
18216
5016
18006
7007
29735
17174
26537
11841
17458
28960
23108
23172
17520
11670
2201
21153
18435
32604
7434
6722
31617
31232
20735
26881
19624
22172
12854
10867
31309
5118
21083
16229
24726
25095
5337
25701
21865
23633
3823
24965
10532
22548
11782
26459
8079
18763
6210
15692
29967
786
31575
9483
17436
22355
15774
5980
24308
22945
17768
15902
29073
18788
19090
20360
32729
26423
26201
11955
5142
14734
21872
30040
12709
1180
8272
19164
24562
31092
7632
11401
24996
24686
1013
2847
27668
17100
31499
24971
29444
22429
26356
10486
23694
14306
23233
19969
12634
7664
27263
2895
7444
13333
20307
19781
21277
13950
4554
781
11137
27736
11882
225
3114
15414
26765
22406
29267
24499
16239
17686
12351
31320
14725
8963
13098
6080
31248
30041
25984
21753
21747
32579
333
14638
21697
209
26356
387
26395
504
19493
25665
9017
20187
22281
3891
24262
2376
31167
25936
1265
29574
8716
16281
25537
22606
4430
13637
25512
13335
28850
12060
23900
919
30119
18977
482
23430
10899
19827
2283
11685
12228
14197
6500
24319
2217
9773
8265
4974
18754
7914
2490
21090
14293
31018
4176
26846
14051
28858
5809
11459
2906
8991
16226
1361
21260
31797
14045
23787
16224
22038
25572
24602
26695
20541
29204
11733
19314
8684
27325
23808
19395
27594
20465
31538
17665
19665
28123
26811
1999
15975
22098
13798
20959
31691
15022
25979
5731
30899
6107
14472
10948
11060
26796
26465
11159
11489
21105
27622
11725
30519
32715
16644
4137
16185
7615
15231
248
13399
12042
24558
3068
9876
10676
23047
17577
22504
4840
31004
24724
31971
3331
21990
22056
12436
3051
1410
21402
24489
9122
32185
8736
28375
9499
3716
18782
8317
32076
5327
1825
32132
2692
19070
28496
17801
23551
22446
18464
10814
4024
2365
30342
23053
17022
20620
3826
7679
17994
28803
24122
3805
4816
31702
32468
9621
9300
2183
20041
10974
15551
15533
22246
18975
15090
6259
437
19341
31834
8547
9388
14740
31940
21221
16675
30073
10355
30722
1676
32573
5232
21102
27998
29892
4386
12998
32338
3127
19230
26134
6610
3494
28224
7326
21422
4082
32507
11734
14098
31978
24045
23983
1717
8372
10679
1820
19794
18543
29451
20433
21084
13334
30471
18762
18158
24487
21441
8976
16129
26501
27427
21048
19169
3099
26617
21036
17634
6339
6472
25262
10062
12774
6113
26393
32419
20068
27191
19178
19451
24630
6766
3968
27596
28754
29364
26400
21713
12750
21460
316
17224
20553
23048
27637
9310
32135
17423
11998
21992
603
20608
771
3667
22218
1374
19498
222
1389
5612
14168
4614
24087
23235
8855
12354
15288
4129
12791
9457
24961
20100
13779
29073
13129
29048
18005
3377
19760
24749
14396
5673
16002
28492
20189
19464
27614
17803
20328
26062
23703
2176
22893
6236
30554
13362
10399
24872
29201
23542
9175
26933
30984
17657
23900
5187
20814
3865
26721
4163
31327
24569
10191
30989
4863
17492
31301
25685
1385
15249
26461
27099
16041
8600
12850
31715
30023
27365
29983
9189
17189
26330
10953
30597
5802
31834
18527
22981
16160
5267
19744
23674
6235
10267
27422
22013
6556
8767
11586
32546
19381
3736
16017
11630
27245
17631
13997
32132
13605
1793
3999
481
12988
17782
10451
18889
27825
32207
31588
21633
25991
26511
25499
17599
20078
25404
9138
26719
16415
24502
989
26711
31496
10695
13195
13549
29353
23034
20456
552
10302
21681
13223
26756
6302
4210
29696
32233
16739
5762
12020
31454
331
29109
3800
16379
22494
32644
10001
20380
18513
22368
3613
4061
25515
15430
22739
26818
15910
19604
23275
4789
21464
25627
20672
10550
8338
25717
22101
21966
28425
22424
20374
10052
9011
8364
9697
26900
1012
12058
32453
3869
18426
26598
20490
2458
27110
14654
29937
5459
1964
3155
10428
23573
20796
2407
2673
31071
19042
25127
3548
14174
25578
5692
32211
6171
12297
26141
29630
32500
13816
26663
26710
3657
10466
29679
16812
3447
1536
22487
621
27402
24067
3295
32357
12078
19890
23742
14403
29287
27092
11826
19612
11394
8784
27540
3634
28620
24723
14255
14197
25729
25906
25810
21834
6279
10448
25124
20236
30556
17475
4920
12240
32334
9202
17889
5358
234
2689
14920
26045
4534
9905
28987
14493
25379
16513
13512
2363
13501
16794
3851
9232
8357
7401
9028
27435
23873
22926
7468
22577
18226
17653
10890
24482
18310
4162
13057
6493
27183
23795
16940
21095
14516
31936
22509
27624
11559
26822
4865
11126
20823
13285
27096
24726
24134
31847
26020
896
28638
8418
5041
12579
8415
15455
8436
10345
8988
11707
21478
11452
10215
11854
22675
29129
11466
15307
4845
29828
120
22887
27495
25964
5122
27710
18879
2064
27726
14066
12827
11218
18374
14485
14424
8683
19533
29385
15775
21679
20855
23333
11321
25618
6905
31707
9636
27500
5982
1944
22246
21625
30460
25772
26401
23460
12071
29547
13416
10629
15780
5075
21201
9640
16480
11887
459
26256
13666
17530
2994
25339
30463
19272
17313
18536
18509
22242
5512
6871
1498
22513
23678
464
20125
28893
29528
26278
14636
9781
13178
18429
26928
28242
21997
26250
6422
25655
27314
12058
27656
8636
23126
1494
7196
1260
9671
22213
22731
25771
22630
3986
27044
30876
24669
26256
26945
30785
16691
4859
11387
13668
21662
23169
10714
13750
3480
6144
30031
4023
29108
8082
9254
3797
15539
9159
11574
25304
25170
49
6491
24189
25191
3366
6182
2401
9004
24769
19666
2337
17883
8490
26490
9664
10619
19479
24202
27977
4089
6035
23668
15029
6522
20479
13732
9230
2544
22358
31413
5077
3307
10677
31461
4514
27571
2842
19142
32266
27027
17003
9015
17861
14967
1467
11411
20496
18362
31690
2600
11345
14137
30410
14827
17146
26796
19561
7273
3503
23862
28427
14593
6827
15674
11351
4689
24416
28785
13558
7918
7773
31801
20887
14936
25717
7216
26935
8749
24862
18690
15519
21404
7703
8575
31534
23837
23118
27121
5336
30815
3072
5548
28015
130
20002
3814
21793
6279
15616
12489
27203
5637
1572
10183
18509
1053
12153
11310
10277
21167
22960
19196
21920
1486
483
12532
7750
31090
1656
11249
7509
3437
29513
22139
2313
19873
22785
8600
25883
27247
13257
12516
16007
5491
9509
15588
21651
5742
1304
28568
21261
11395
3727
28495
468
4007
11005
3007
3482
9811
8514
16725
19943
17275
11217
1738
11361
196
14866
6391
4428
2290
24837
14570
31053
26271
16169
4153
6259
11059
22428
12182
11895
528
10371
23460
28739
1037
172
7178
10930
24358
22642
16581
663
9842
12769
20930
30208
24149
17435
7340
700
6390
30202
21763
5658
14067
27639
31342
10740
8276
11595
31058
13036
2494
9300
14755
17398
6633
32313
4090
2839
852
11729
17640
2924
26168
5569
9867
14445
3770
7653
22622
22131
25444
14322
21845
17528
6102
5977
22570
4894
30649
8302
7665
3315
24053
21193
14067
5108
11300
13036
22969
30800
22086
30503
27751
11374
22198
31673
14412
31280
7773
16952
31670
7546
21797
51
19979
26606
32432
277
2581
20986
22347
24396
12958
7445
32029
22699
1341
27461
14756
16909
12143
28645
32611
24124
23017
7589
28628
7185
32301
30162
32164
32732
14940
23768
32543
15365
5963
6149
17642
15604
29912
22671
2288
11311
4223
30681
18846
11970
23080
18674
25939
25316
2883
9054
2578
24791
13335
2842
19835
17168
13143
6618
249
31128
19447
3477
5692
27826
19773
8259
10218
12990
283
3302
31377
23901
21692
26055
2529
8662
28509
8194
30232
24761
11102
30788
26045
20674
9625
5332
12177
20735
22258
2256
24771
9781
27695
7354
29539
10113
20491
51
18713
7739
7045
18693
15895
23839
24702
25447
26700
21167
643
22397
22234
6867
4584
2079
26059
21443
23830
20187
31231
14886
11301
6461
14697
20604
23214
27469
4988
5561
17370
27482
11743
3890
13503
23286
2408
10685
22765
8514
29512
13844
21827
19052
5763
1147
1288
8309
16804
25507
3383
16696
13486
1741
14873
21928
2901
5938
23321
20057
5998
29859
4309
18754
16293
26989
16753
1217
13934
21887
10032
991
7486
5327
11589
18390
26618
9465
3814
17104
5296
20009
27811
26610
2949
21308
19446
31897
15086
27938
13595
3811
17443
5511
25377
13682
19409
25778
14914
31852
17167
1709
30832
9158
15508
2982
21552
4803
8743
6037
32171
9399
24150
13599
13826
13073
20075
20410
28899
152
4252
6419
13402
27125
642
23981
10985
32626
973
3274
7130
27649
20789
30606
15828
19840
2996
2914
6061
25147
16370
2967
25471
12211
513
3659
10238
1694
29002
16529
31752
2094
14535
13772
10366
4246
24435
18012
7251
10955
31999
16765
26338
29063
9927
30315
11397
404
10500
22731
18787
24903
24643
17478
5769
331
18198
9079
1341
15007
3081
32263
1166
28130
17367
12822
25904
10191
3038
23773
12167
28420
12497
13970
8194
7943
11693
25996
15786
29834
5870
3240
16123
12014
17922
6379
12530
27399
22782
4713
5223
6943
23184
29797
26013
16445
9780
20665
16920
18599
23723
17017
8366
14245
31914
29651
20449
31368
29647
15161
11884
3819
15320
5059
21020
24121
22551
29902
4321
29295
18209
19690
8229
26659
15559
9203
15964
16838
14407
10365
6877
38
19139
11381
28656
9270
8689
21766
808
32274
11029
442
32755
27966
25132
12002
24687
30254
8554
22327
22655
20748
1255
6337
30495
21941
13974
8440
29172
26885
13942
9258
20263
20308
29452
25628
24948
2112
17936
2548
19070
6061
10599
22358
30566
24587
14417
29390
19355
29144
20708
21358
28148
29797
27065
4024
27644
3036
28645
5054
10125
24706
16682
647
17056
11066
5743
18101
32099
27467
29294
5733
14988
10594
26797
28247
7661
27611
20655
18511
31049
16444
14699
4282
31591
32258
12541
8085
21860
9889
13468
14475
19021
1734
23756
22109
23790
31967
6612
17799
4068
2269
5235
21025
27642
2360
1743
3331
16562
18740
8622
27692
21281
17508
20968
19045
28416
17260
31261
2593
3585
13834
29859
24488
2399
28248
29122
1652
2489
8523
1572
26075
10528
20608
32135
26863
31599
312
17845
3491
28890
25761
1462
28463
18122
21847
13636
20405
31465
20010
18559
25892
29816
15906
17378
27997
22505
24000
19574
19860
14506
27015
2117
16633
7487
26043
25362
23192
2451
20329
2887
24190
912
24231
15151
13854
17901
15901
8805
1011
5447
23492
909
6758
27508
14062
23105
23025
27924
20359
7502
14981
23912
6810
28961
1065
1128
8214
24188
31461
15119
9683
24942
478
4602
3024
25729
31170
17969
15807
31797
24166
30789
24003
30381
26542
22939
3192
5033
12718
17415
29236
30900
12302
28572
28044
13727
28851
15043
2842
27949
29083
14475
10878
30224
3593
31040
29859
2068
18147
16703
1860
18843
27224
8712
31150
20809
24261
10645
7879
28672
5338
7147
10319
22287
25849
27374
3942
28326
23518
24697
26190
28814
14981
11950
30579
6934
11592
23179
21928
4177
32329
13502
16820
13694
18191
21691
2317
9928
25972
18955
16867
4912
14270
30695
2144
5319
25612
20229
8495
22816
12020
22962
9531
11781
9578
20001
6841
18025
7651
6915
8040
19358
21691
8791
2071
3784
10196
5764
6505
28306
13697
11685
15829
17695
25250
7972
23792
29252
3088
8074
14319
22004
26427
20117
28519
20219
22033
19340
5720
4591
12834
25551
30314
27748
21250
4018
26998
18528
21487
12683
27720
1039
23732
19210
20132
29111
29133
7369
9350
5101
4044
25636
23726
27146
5628
11083
8284
24793
17475
24469
24665
15250
20557
8728
13110
2316
21990
1654
26840
31022
9896
13305
30517
9895
15575
7395
9304
10462
21897
16383
4523
556
30218
10364
3189
15946
24702
8187
18338
21765
15304
18151
25283
9529
29355
1797
25173
7164
3631
5196
32070
23578
3911
28662
25525
31170
2992
8663
25338
7806
4636
7150
2790
10600
6544
31802
14411
8092
11
8398
10431
233
23656
16936
31646
21708
10117
1983
17486
926
165
19163
4551
20492
4371
31657
3922
1224
21257
23695
8848
10878
16335
1981
10943
23050
10535
29445
17721
32488
16873
26092
15165
7659
6635
5633
31986
29746
4387
23917
19881
601
1552
16332
1379
22508
17237
12603
2963
13089
28840
21426
28453
18630
2794
7829
16318
18552
10135
9349
3142
28950
1889
27516
10916
18805
15384
2841
11464
20821
26061
1336
9967
16020
19255
3270
11042
6818
20822
11988
7680
21557
5717
4585
18622
6462
13237
16285
19564
3355
27560
11363
23162
12046
17851
29095
22138
1262
24248
28185
17703
24092
28619
16456
11431
17081
20707
20338
18957
25366
31323
22170
16418
7020
18906
9692
9061
24526
3704
3582
1872
9307
8226
10823
28893
5560
1599
31892
21065
13758
29075
4008
29720
12399
3428
5060
28505
32047
27612
10615
7467
8241
4527
20152
8064
8239
25854
8754
26401
1118
890
28895
23283
28321
17356
16856
1144
9724
26165
21612
26008
9548
14449
17519
23458
566
12514
18644
13198
16478
17642
16511
21381
25817
32409
340
7587
24036
5512
7572
28667
4822
3844
4969
26075
12371
10607
6847
15954
1219
5860
1366
3056
258
19226
25877
4557
12633
24715
27810
29132
17070
22741
15919
4129
26615
15456
7319
20497
13301
23873
12969
3577
15134
16734
25795
31378
4571
30675
24740
15219
31475
23957
24443
29912
23111
5461
20035
8353
16321
13992
20563
22174
7815
30820
20529
27145
1140
23117
4776
84
26056
4593
26
1318
20766
16080
6167
8096
8095
10688
17197
3300
30070
5008
30466
984
9859
22252
24737
1575
21332
24960
2322
17033
21073
18529
10285
27717
14646
31656
6575
11252
6855
23904
10382
3463
19647
16290
9354
3979
18953
3582
30213
14252
1330
9757
9236
20600
16159
9125
214
13414
13819
9053
28677
18967
16500
16786
31690
5595
10535
22457
11222
1143
24152
15701
21166
21286
18919
4123
17734
14557
25983
18260
12498
13523
24337
5764
729
9793
24961
25417
