Srednia: 0.00100602

0
0
0
0
0
0
0
0
0.000477
0
0
0.000567
0
0.000498
0
0
0
0
0
0
0
0.000498
0.000499
0
0
0.000509
0.015713
0.000496
0
0.015518
0
0
0
0
0
0
0
0
0
0
0
0
0.000498
0
0.000499
0.000498
0
0
0.000506
0
0.000491
0
0.00051
0
0.000485
0
0
0.0005
0.001001
0.015633
0.001002
0
0
0.000499
0.000495
0.000495
0.001001
0.015707
0.000509
0.000432
0.015707
0.000994
0.0005
0.000507
0
0
0.000498
0
0.00047
0.000455
0.000504
0
0.002491
0
0.000496
0
0.000432
0.000506
0
0.000498
0
0
0
0.000506
0
0
0
0.000502
0
0
