Srednia: 0.00049573

0
0
0
0.000498
0
0
0.000504
0.000442
0
0
0
0
0.0005
0.000998
0.000496
0.000504
0
0
0
0.000505
0
0
0.000495
0
0.000966
0
0.000506
0.015639
0.000507
0.000497
0.000502
0
0
0.000499
0.001001
0
0
0.001007
0
0.000509
0.001
0.000493
0.000499
0
0.0005
0.000498
0.000998
0
0
0.0005
0
0.000499
0
0
0
0
0
0
0
0
0
0.000498
0.000982
0.000568
0.000571
0.001002
0
0
0
0.000995
0.001001
0.000999
0.001
0.000437
0.001
0
0
0.000508
0.000558
0
0.000507
0
0
0.000481
0.001493
0
0.000927
0
0.000497
0.000502
0.000498
0
0.000496
0.000498
0
0.000992
0
0
0
0.001001
