Srednia: 0.00081271

0.000499
0.000505
0
0.000498
0.000498
0
0.000503
0
0.000501
0.0005
0.000434
0.000496
0
0
0.00051
0.001001
0.001
0.000996
0
0.000502
0.000495
0.000997
0
0.001001
0.0005
0.001001
0.00043
0.015624
0.000991
0.000995
0.001
0.000996
0.001503
0.001003
0
0.001003
0.001502
0
0.000431
0.001002
0.000505
0.000498
0.000989
0.000999
0.000446
0.001009
0.001001
0.000999
0
0.000508
0.001002
0.000964
0.002992
0
0.000499
0.000999
0.000999
0.000503
0.000502
0.001001
0
0.000994
0
0.000997
0.000501
0.000999
0.000932
0.001005
0.001003
0.001005
0.000996
0.001001
0.001003
0.001504
0.001496
0
0.000995
0
0
0.000998
0.000993
0.000994
0
0
0
0.0005
0.000505
0.000499
0.000503
0
0.001
0
0.000996
0.000996
0.000998
0.000528
0.0005
0
0.000501
0.000997
