Srednia: 0.00090848

0
0
0
0
0
0.015708
0
0.000501
0.000498
0
0.000508
0
0.000507
0.0005
0.000569
0.001499
0.001002
0.001559
0.001001
0.000494
0.001003
0.001001
0
0.000498
0.001001
0.000457
0.000497
0
0
0.001002
0.000998
0
0.001
0.000498
0.000505
0.001001
0.001577
0
0.000504
0.001003
0.000505
0.000432
0
0.000998
0.001004
0.000498
0
0.001
0
0
0.000991
0.000502
0.001001
0.001003
0.000495
0.0005
0.000998
0.000481
0.000971
0.000493
0
0
0
0.001001
0
0.000999
0.000493
0.001005
0.000504
0.000497
0.000995
0.000499
0.015622
0
0.000506
0.002461
0.000497
0.000431
0.001003
0.000498
0.000997
0.001502
0
0
0
0.001001
0.000999
0.000997
0.001
0.001
0.0005
0.000999
0
0.001
0.001077
0.001002
0.001002
0.001008
0.00099
0
