Srednia: 0.00052623

0
0
0
0.000593
0
0
0
0.000556
0
0.000465
0
0
0
0.000506
0
0.000497
0.001
0.000988
0.000502
0.0005
0.000509
0
0
0
0.000517
0.000508
0.000476
0.0005
0.015707
0.000504
0.000502
0.000506
0.000507
0
0
0.000499
0.000499
0.000431
0.000525
0
0.000498
0
0.001492
0.000499
0.000496
0.000499
0.000492
0.000503
0.000498
0
0.000506
0.000456
0.000505
0.000489
0.000467
0
0
0.000497
0.0005
0.000565
0
0.000429
0
0.000503
0.000497
0.000497
0
0
0.000497
0.000499
0
0.000473
0.000498
0.000456
0.000496
0.0005
0.000448
0.000496
0.000501
0.000505
0
0.000497
0.000499
0.000566
0.000495
0.000499
0.000503
0.000497
0.000507
0.000583
0
0.000499
0.000508
0.000491
0
0.000497
0.000501
0.000422
0.000506
0.000499
