Srednia: 0.00053684

0
0
0
0.000506
0.000558
0.015643
0.00049
0
0.000489
0
0.000556
0.000501
0.0005
0
0.000508
0.000495
0.000511
0
0.0005
0
0.000506
0.000999
0.000507
0
0.000498
0
0.000491
0
0
0
0.000432
0.000497
0
0
0.000501
0.000501
0.000492
0.000503
0
0.000495
0.0005
0
0.000496
0.000501
0
0.000498
0.001007
0.000498
0.000495
0.000499
0.000495
0.000499
0
0.000509
0
0.000505
0.000499
0.000458
0
0.000506
0
0.000509
0
0.000428
0.0005
0
0.000501
0.000467
0.000466
0.0015
0.0005
0.000497
0.001001
0.00043
0
0.000497
0.000568
0.000498
0.000496
0.000995
0.000488
0.000494
0.000497
0.000499
0.000492
0.000527
0.000498
0.000506
0.000488
0.000499
0.000546
0
0.000559
0
0.00058
0.000503
0.000505
0.000506
0
0
