Srednia: 0.00068532

0
0
0.000535
0
0.000536
0.000571
0.000459
0
0
0
0.0005
0.001001
0.000497
0.0005
0.000497
0.000502
0
0.000504
0.000993
0.000496
0
0
0.000993
0.001001
0.000497
0.001009
0.000496
0.000961
0.000569
0.000999
0.001005
0.000497
0.001
0.000501
0.000491
0.000566
0
0.000999
0.000516
0.015584
0.001
0.000499
0
0.000567
0.00108
0.000446
0.000569
0.000496
0.0005
0.000996
0
0.0005
0.000498
0.001
0.001003
0.000994
0.001006
0
0.000488
0.000502
0.001497
0.000509
0.000535
0.000998
0
0
0.000993
0.000502
0.000569
0.000497
0.000996
0
0.001001
0.000537
0.001
0
0.000993
0.0005
0
0.000498
0.000495
0
0.000507
0.001
0.000496
0
0
0.000997
0.000495
0.000997
0.000501
0.000498
0.0005
0.001009
0.000497
0.001002
0
0
0
0.000494
