Srednia: 0.00075279

0.000501
0.000506
0.001
0.001002
0.000496
0.000495
0.000508
0
0.000557
0
0
0
0.000584
0.0005
0
0
0.001001
0.000987
0.001003
0.000994
0
0
0.002
0.000999
0
0.00043
0
0.001
0
0.001004
0.000997
0.001003
0
0.001001
0.000995
0.00146
0.0005
0.000996
0.000995
0
0
0.001004
0
0.001002
0.001003
0.000999
0.000991
0
0.001004
0
0
0
0
0.000998
0.001022
0
0
0.001002
0.001003
0.003002
0
0
0.001003
0
0.00096
0.000996
0.000998
0.000997
0
0.000993
0.000996
0
0.000996
0
0
0
0.000999
0.001002
0
0.001499
0.001006
0.003005
0.001
0.001
0
0.015706
0
0
0.001001
0.001003
0.001
0
0
0
0.000999
0
0
0
0
0.001576
