Srednia: 0.00077114

0.000495
0.000492
0.00054
0.015738
0
0.000496
0
0.000569
0.000501
0.000431
0.000533
0.000514
0
0.000492
0.000494
0.00159
0.001997
0
0
0
0
0.001501
0
0
0.001002
0
0
0.001001
0
0.000997
0.000999
0.000997
0
0
0
0
0.000998
0.000999
0
0
0
0.000998
0
0.000567
0.000996
0
0
0
0
0
0.001002
0
0.001001
0.001498
0
0
0
0.001001
0
0.001497
0.000995
0.000998
0
0
0.001007
0
0.001005
0.000992
0.000493
0.001009
0
0
0.000997
0
0.001002
0
0.001001
0
0.015697
0
0
0
0.001995
0.000999
0
0
0
0.000998
0
0.001002
0
0.000998
0
0.001
0.000997
0
0
0.000993
0
0.001
