Srednia: 0.0005893

0
0
0.00053
0
0
0.000508
0
0
0
0
0.000996
0.00101
0
0.000427
0
0.000995
0
0
0.000998
0
0
0.000999
0
0.001497
0.001
0
0.000996
0
0.001487
0
0
0.001
0
0.001008
0.001523
0
0
0
0
0
0.002
0
0.001
0
0
0
0
0.000999
0
0.000998
0.00101
0
0.001496
0.001001
0.000993
0
0.000998
0.001
0.001505
0.001498
0
0
0.001003
0.001545
0
0
0
0.001476
0.001002
0.001001
0
0
0.001
0.001497
0.001005
0
0.001005
0
0.001002
0
0
0.001
0.001522
0
0
0
0.001007
0.000997
0.001498
0.000999
0.001503
0.000998
0
0.001428
0.002496
0.001473
0.000992
0.002009
0
0
