Srednia: 0.00072182

0.000496
0
0.000502
0.001
0
0
0
0
0
0
0.000498
0.000432
0
0
0.000515
0.000997
0
0.000995
0
0
0
0.0015
0.001001
0
0.0015
0
0.001493
0.001995
0
0.000998
0
0.000998
0.001516
0
0
0.001578
0.00156
0
0.001495
0
0
0
0
0
0.001572
0.001004
0
0.000997
0.001001
0.001006
0
0
0.000996
0
0.001999
0.000998
0.001498
0.001006
0.001433
0.001002
0
0.000999
0.000997
0.001006
0.000986
0
0.001506
0
0
0
0
0
0.000993
0
0.001003
0
0
0.001501
0
0.000996
0
0.001003
0
0
0.000997
0.000997
0
0
0.001495
0
0.001429
0
0.001994
0.000999
0.015707
0.000995
0
0
0.000998
0
